0,0,0;0,0,0;0,0,0;1,1,0;1{10.592,0,-19.704;0,0,0;0,0,0;1,1,0;1
-5.934,0,-0.066;0,0,0;0,0,0;1,1,0;1
-29.49,0,29.004;0,0,0;0,0,0;1,1,0;1
-4.644,0,21.114;0,0,0;0,0,0;1,1,0;1
20.7,0,1.764;0,0,0;0,0,0;1,1,0;1
24.186,0,-29.808;0,0,0;0,0,0;1,1,0;1
-22.158,0,-11.196;0,0,0;0,0,0;1,1,0;1
-12.132,0,3.438;0,0,0;0,0,0;1,1,0;1
-2.01,0,1.5;0,0,0;0,0,0;1,1,0;1
-21.936,0,27.798;0,0,0;0,0,0;1,1,0;1
-7.692,0,-13.872;0,0,0;0,0,0;1,1,0;1
1.98,0,9.51;0,0,0;0,0,0;1,1,0;1
-17.766,0,-9.258;0,0,0;0,0,0;1,1,0;1
-27.54,0,-18.834;0,0,0;0,0,0;1,1,0;1
-7.62,0,27.318;0,0,0;0,0,0;1,1,0;1
-19.986,0,25.818;0,0,0;0,0,0;1,1,0;1
-10.842,0,3.726;0,0,0;0,0,0;1,1,0;1
12.714,0,-29.73;0,0,0;0,0,0;1,1,0;1
-0.24,0,25.776;0,0,0;0,0,0;1,1,0;1
14.184,0,-14.22;0,0,0;0,0,0;1,1,0;1
-11.436,0,-14.22;0,0,0;0,0,0;1,1,0;1
6.144,0,25.434;0,0,0;0,0,0;1,1,0;1
8.466,0,29.478;0,0,0;0,0,0;1,1,0;1
29.172,0,-21.558;0,0,0;0,0,0;1,1,0;1
1.74,0,27.936;0,0,0;0,0,0;1,1,0;1
9.15,0,26.58;0,0,0;0,0,0;1,1,0;1
-13.032,0,-15.702;0,0,0;0,0,0;1,1,0;1
3.978,0,24.186;0,0,0;0,0,0;1,1,0;1
-12.912,0,13.866;0,0,0;0,0,0;1,1,0;1
-1.782,0,-23.106;0,0,0;0,0,0;1,1,0;1
-19.05,0,-7.104;0,0,0;0,0,0;1,1,0;1
0,0,0;0,0,0;0,0,0;1,1,0;1
}